HWPython11_02_SelectSortAnalysis_한현기
a = [75,65,100,80,90,55,95,30,20,50]
'''
오름차순 작 > 큰
[75,65,100,80,90,55,95,30,20,50]
 65	75	 80 75 55    65	
 55 65  90 65 
 30 55  55 55
 20 30  95 
        75
	65
	50	             100





앞자리부터 한번씩 비교해서 작으면 바꾼다 (앞자리가 크면 바꾼다)
1
65 75 100 80 90 55 95 30 20 50
55 75 100 80 90 65 95 30 20 50
30 75 100 80 90 65 95 55 20 50
20 75 100 80 90 65 95 55 30 50
2
20 65 100 80 90 75 95 55 30 50
20 55 100 80 90 75 95 65 30 50
20 30 100 80 90 75 95 65 55 50
3
20 30 80 100 90 75 95 65 55 50 
20 30 75 100 90 80 95 65 55 50 
20 30 65 100 90 80 95 75 55 50 
20 30 55 100 90 80 95 75 65 50 
20 30 50 100 90 80 95 75 65 55

...
20 30 50 55 65 75 80 90 95 100 


'''